Strikes

[1334617800,14.33870029,47.4367981]
[1339584300,14.32492434,47.43690185]
[1339584300,14.35219955,47.35110092]
[1334102340,13.22024043,45.3018921]

Results
	date		num_calls	rate(red)	num_callers(red)	rate			num_callers	radius
	2012-04-16	6349		0.3809523	21					0.391304347		23 			3
				10962		0.34		50					0.362068965 	58			10
	2012-06-13	20699		0.2179487	78					0.223529411		85			3		
				36878		0.2121212	165					0.223404255		188			10
	2012-06-13	0 																		3 (nothing within 3 miles)
				45204		0.2139917	243					0.227106227		273			10
	2012-04-10	74582		0.4147465	217					0.409691629		227 		3
				149369		0.3991228	456					0.400852878		469 		10





=====================================================================

				117922		0.2411128	647					0.244923857		788
				14031		0.5			6 					0.428571428 	7